  0   0   0 234 232 233 234 233 233 233 234 232 234   0   0   0
  0   0 233 236 234 235 235 235 236 234 237 233 238 233   0   0
  0 233 243 243 246 246 246 246 246 246 246 246 243 243 233   0
234 237 243 226 204 204 204 204 204 204 204 204 226 243 237 234
232 232 246 204 204 204 204 204 204 204 204 204 204 246 233 232
234 231 243 204 204 223 182 183 183 183 223 204 204 243 230 233
233 229 239 196 204 182  78  78  78  78 182 204 193 239 227 234
233 230 238 161 182 180  78  78  78  78 180 182 161 238 230 233
233 230 238 161 161 168  51  55  55  51 168 161 161 238 230 233
233 226 238 161 161 168  47  47  47  47 168 161 161 238 227 234
234 230 238 161 161 208 168 168 168 168 208 161 161 238 230 233
232 226 238 161 161 161 161 161 161 161 161 161 161 238 226 232
234 232 233 201 161 161 161 161 161 161 161 161 201 233 232 234
  0 231 233 233 238 238 238 238 238 238 238 238 233 233 231   0
  0   0 231 232 229 230 227 231 231 229 230 226 232 231   0   0
  0   0   0 234 232 233 234 233 233 233 234 232 234   0   0   0
  0   0   0 228 226 226 226 225 225 226 226 226 228   0   0   0
  0   0 222 230 228 230 226 229 230 228 230 226 231 222   0   0
  0 222 239 239 242 242 242 242 242 242 242 242 239 239 222   0
228 230 239 220 195 195 195 195 195 195 195 195 220 239 230 228
226 224 242 195 195 195 195 195 195 195 195 195 195 242 224 226
226 223 239 195 195 215 217 218 218 218 215 195 195 239 223 226
226 221 233 186 195 217 233 233 233 233 217 195 183 233 219 226
225 221 232 147 171 216 233 233 233 233 216 171 147 232 222 226
225 222 232 147 147 198 202 206 206 202 198 147 147 232 222 226
226 218 232 147 147 198 197 197 197 197 198 147 147 232 218 226
226 222 232 147 147 199 198 198 198 198 198 147 147 232 223 226
226 218 232 147 147 147 147 147 147 147 147 147 147 232 218 226
228 225 226 192 147 147 147 147 147 147 147 147 192 226 225 228
  0 223 226 226 232 232 232 232 232 232 232 232 226 226 223   0
  0   0 223 226 221 223 219 223 223 221 222 218 225 223   0   0
  0   0   0 228 226 226 226 226 226 226 226 226 228   0   0   0
  0   0   0 218 220 221 221 219 219 220 220 220 218   0   0   0
  0   0 222 225 223 224 221 223 224 223 224 220 225 222   0   0
  0 222 235 235 240 239 239 239 239 239 239 239 235 235 222   0
218 225 235 216 189 189 189 189 189 189 189 189 216 235 225 218
220 218 240 189 189 189 189 189 189 189 189 189 189 240 218 220
220 217 236 189 189 209 228 227 227 227 209 189 189 236 217 221
220 214 229 180 189 228 255 255 255 255 228 189 177 229 212 221
219 216 228 140 165 226 255 255 255 255 226 165 140 228 215 221
219 216 228 140 140 208 255 255 255 255 208 140 140 228 215 221
220 211 228 140 140 208 255 255 255 255 208 140 140 228 212 221
220 216 228 140 140 192 208 208 208 208 192 140 140 228 217 219
220 211 228 140 140 140 140 140 140 140 140 140 140 228 211 220
218 219 220 187 140 140 140 140 140 140 140 140 187 220 219 218
  0 223 220 220 228 228 228 228 228 228 228 228 220 220 223   0
  0   0 223 219 214 217 212 217 217 214 216 211 219 223   0   0
  0   0   0 218 220 219 221 221 221 220 220 220 218   0   0   0

  0   0   0 234 232 234 233 233 233 233 234 232 234   0   0   0
  0   0 238 236 233 231 227 231 231 227 231 227 232 239   0   0
  0 238 243 243 246 243 238 238 238 238 238 238 233 233 239   0
234 236 243 225 204 204 193 161 161 161 161 161 201 233 232 234
232 235 246 204 204 204 204 182 161 161 161 161 161 238 229 232
234 237 246 204 204 215 181 181 172 172 188 161 161 238 231 234
233 235 246 204 204 182  78  78  49  47 172 161 161 238 229 233
233 237 246 204 204 182  78  78  54  47 172 161 161 238 231 232
233 236 246 204 204 182  78  78  54  47 172 161 161 238 230 232
233 235 246 204 204 182  78  78  49  47 172 161 161 238 229 233
234 236 246 204 204 215 182 181 172 172 188 161 161 238 230 234
232 235 246 204 204 204 204 182 161 161 161 161 161 238 229 232
234 236 243 225 204 204 193 161 161 161 161 161 201 233 232 234
  0 238 243 243 246 243 238 238 238 238 238 238 233 233 239   0
  0   0 238 236 233 230 229 230 230 229 230 229 232 239   0   0
  0   0   0 234 232 234 233 232 232 233 234 232 234   0   0   0
  0   0   0 228 226 226 226 225 225 226 226 226 228   0   0   0
  0   0 233 229 227 223 221 223 223 221 223 221 224 231   0   0
  0 233 239 239 242 239 232 232 232 232 232 232 226 226 231   0
228 230 239 220 195 195 182 147 147 147 147 147 192 226 224 228
226 228 242 195 195 195 195 171 147 147 147 147 147 232 220 226
226 230 242 195 195 206 219 218 204 204 176 147 147 232 223 225
226 228 242 195 195 219 233 233 199 197 204 147 147 232 220 226
225 230 242 195 195 219 233 233 206 197 204 147 147 232 223 225
225 229 242 195 195 219 233 233 206 197 204 147 147 232 222 225
226 228 242 195 195 219 233 233 199 197 204 147 147 232 220 226
226 229 242 195 195 206 219 218 204 204 176 147 147 232 222 226
226 228 242 195 195 195 195 171 147 147 147 147 147 232 220 226
228 230 239 220 195 195 183 147 147 147 147 147 192 226 225 228
  0 233 239 239 242 239 232 232 232 232 232 232 226 226 231   0
  0   0 233 230 227 222 220 222 222 220 222 220 225 231   0   0
  0   0   0 228 226 226 226 225 225 226 226 226 228   0   0   0
  0   0   0 223 219 220 220 219 219 220 220 219 223   0   0   0
  0   0 222 226 219 217 213 217 217 213 217 213 220 223   0   0
  0 222 235 235 239 235 227 227 227 227 227 227 220 220 223   0
223 226 235 216 189 189 177 140 140 140 140 140 187 220 220 223
219 222 239 189 189 189 189 164 140 140 140 140 140 227 213 219
220 224 239 189 189 201 229 228 213 213 170 140 140 227 217 220
220 222 239 189 189 229 255 255 255 255 214 140 140 227 213 220
219 224 239 189 189 229 255 255 255 255 214 140 140 227 217 221
219 223 239 189 189 229 255 255 255 255 214 140 140 227 216 221
220 222 239 189 189 229 255 255 255 255 214 140 140 227 213 220
220 223 239 189 189 201 229 227 214 214 170 140 140 227 216 220
219 222 239 189 189 189 189 164 140 140 140 140 140 227 213 220
223 225 235 216 189 189 177 140 140 140 140 140 187 220 219 223
  0 222 235 235 239 235 227 227 227 227 227 227 220 220 223   0
  0   0 222 225 220 216 213 216 216 213 216 213 219 223   0   0
  0   0   0 223 219 220 220 221 221 220 220 219 223   0   0   0

  0   0   0 234 232 234 233 233 233 233 234 232 234   0   0   0
  0   0 239 232 227 231 227 231 231 227 231 227 232 239   0   0
  0 239 233 233 238 238 238 238 238 238 238 238 233 233 239   0
234 232 233 201 161 161 161 161 161 161 161 161 201 233 232 234
232 229 238 161 161 161 161 161 161 161 161 161 161 238 229 232
234 231 238 161 161 188 171 172 172 172 188 161 161 238 231 234
233 229 238 161 161 172  47  47  47  47 172 161 161 238 229 233
233 231 238 161 161 172  52  54  54  52 172 161 161 238 231 232
233 230 238 161 182 181  78  78  78  78 181 182 161 238 230 232
233 229 238 195 204 182  78  78  78  78 182 204 195 238 229 233
234 230 243 204 204 215 182 182 182 182 215 204 204 243 230 234
232 233 246 204 204 204 204 204 204 204 204 204 204 246 233 232
234 236 243 225 204 204 204 204 204 204 204 204 225 243 236 234
  0 238 243 243 246 246 246 246 246 246 246 246 243 243 238   0
  0   0 238 236 235 236 235 236 236 235 236 235 236 238   0   0
  0   0   0 234 232 234 233 232 232 233 234 232 234   0   0   0
  0   0   0 228 226 226 226 225 225 226 226 226 228   0   0   0
  0   0 231 224 221 223 221 223 223 221 223 221 224 231   0   0
  0 231 226 226 232 232 232 232 232 232 232 232 226 226 231   0
228 224 226 192 147 147 147 147 147 147 147 147 192 226 224 228
226 220 232 147 147 147 147 147 147 147 147 147 147 232 220 226
226 223 232 147 147 176 204 204 204 204 176 147 147 232 223 225
226 220 232 147 147 204 197 197 197 197 204 147 147 232 220 226
225 223 232 147 147 204 203 206 206 203 204 147 147 232 223 225
225 222 232 147 171 218 233 233 233 233 218 171 147 232 222 225
226 220 232 185 195 219 233 233 233 233 219 195 185 232 220 226
226 222 239 195 195 206 219 219 219 219 206 195 195 239 222 226
226 227 242 195 195 195 195 195 195 195 195 195 195 242 227 226
228 230 239 220 195 195 195 195 195 195 195 195 220 239 230 228
  0 233 239 239 242 242 242 242 242 242 242 242 239 239 233   0
  0   0 233 230 228 229 228 229 229 228 229 228 230 233   0   0
  0   0   0 228 226 226 226 225 225 226 226 226 228   0   0   0
  0   0   0 223 219 220 220 219 219 220 220 219 223   0   0   0
  0   0 223 220 213 217 213 217 217 213 217 213 220 223   0   0
  0 223 220 220 227 227 227 227 227 227 227 227 220 220 223   0
223 220 220 187 140 140 140 140 140 140 140 140 187 220 220 223
219 213 227 140 140 140 140 140 140 140 140 140 140 227 213 219
220 217 227 140 140 170 214 213 213 213 170 140 140 227 217 220
220 213 227 140 140 214 255 255 255 255 214 140 140 227 213 220
219 217 227 140 140 214 255 255 255 255 214 140 140 227 217 221
219 216 227 140 164 227 255 255 255 255 227 164 140 227 216 221
220 213 227 180 189 229 255 255 255 255 229 189 180 227 213 220
220 216 235 189 189 201 229 229 229 229 201 189 189 235 216 220
219 220 239 189 189 189 189 189 189 189 189 189 189 239 220 220
223 225 235 216 189 189 189 189 189 189 189 189 216 235 225 223
  0 222 235 235 239 239 239 239 239 239 239 239 235 235 222   0
  0   0 222 225 222 223 222 223 223 222 223 222 225 222   0   0
  0   0   0 223 219 220 220 221 221 220 220 219 223   0   0   0

  0   0   0 234 232 234 233 233 233 233 234 232 234   0   0   0
  0   0 239 232 227 231 227 231 231 227 231 233 236 238   0   0
  0 239 233 233 238 238 238 238 238 238 244 246 243 243 238   0
234 232 233 201 161 161 161 161 161 196 204 204 225 243 236 234
232 229 238 161 161 161 161 161 182 204 204 204 204 246 235 232
234 231 238 161 161 188 171 172 181 182 215 204 204 246 237 234
233 229 238 161 161 172  47  49  78  78 182 204 204 246 235 233
233 231 238 161 161 172  47  54  78  78 182 204 204 246 237 232
233 230 238 161 161 172  47  54  78  78 182 204 204 246 236 232
233 229 238 161 161 172  47  49  78  78 182 204 204 246 235 233
234 230 238 161 161 188 172 172 181 182 215 204 204 246 236 234
232 229 238 161 161 161 161 161 182 204 204 204 204 246 235 232
234 232 233 201 161 161 161 161 161 196 204 204 225 243 236 234
  0 239 233 233 238 238 238 238 238 238 243 246 243 243 238   0
  0   0 239 232 229 230 229 230 230 229 230 233 236 238   0   0
  0   0   0 234 232 234 233 232 232 233 234 232 234   0   0   0
  0   0   0 228 226 226 226 225 225 226 226 226 228   0   0   0
  0   0 231 224 221 223 221 223 223 221 223 227 229 233   0   0
  0 231 226 226 232 232 232 232 232 232 239 242 239 239 233   0
228 224 226 192 147 147 147 147 147 186 195 195 220 239 230 228
226 220 232 147 147 147 147 147 171 195 195 195 195 242 228 226
226 223 232 147 147 176 204 204 218 219 206 195 195 242 230 225
226 220 232 147 147 204 197 199 233 233 219 195 195 242 228 226
225 223 232 147 147 204 197 206 233 233 219 195 195 242 230 225
225 222 232 147 147 204 197 206 233 233 219 195 195 242 229 225
226 220 232 147 147 204 197 199 233 233 219 195 195 242 228 226
226 222 232 147 147 176 204 204 218 219 206 195 195 242 229 226
226 220 232 147 147 147 147 147 171 195 195 195 195 242 228 226
228 225 226 192 147 147 147 147 147 186 195 195 220 239 230 228
  0 231 226 226 232 232 232 232 232 232 239 242 239 239 233   0
  0   0 231 225 220 222 220 222 222 220 222 227 230 233   0   0
  0   0   0 228 226 226 226 225 225 226 226 226 228   0   0   0
  0   0   0 223 219 220 220 219 219 220 220 219 223   0   0   0
  0   0 223 220 213 217 213 217 217 213 217 220 226 222   0   0
  0 223 220 220 227 227 227 227 227 227 236 239 235 235 222   0
223 220 220 187 140 140 140 140 140 180 189 189 216 235 226 223
219 213 227 140 140 140 140 140 164 189 189 189 189 239 222 219
220 217 227 140 140 170 214 213 228 228 201 189 189 239 224 220
220 213 227 140 140 214 255 255 255 255 229 189 189 239 222 220
219 217 227 140 140 214 255 255 255 255 229 189 189 239 224 221
219 216 227 140 140 214 255 255 255 255 229 189 189 239 223 221
220 213 227 140 140 214 255 255 255 255 229 189 189 239 222 220
220 216 227 140 140 170 214 214 227 229 201 189 189 239 223 220
219 213 227 140 140 140 140 140 164 189 189 189 189 239 222 220
223 219 220 187 140 140 140 140 140 180 189 189 216 235 225 223
  0 223 220 220 227 227 227 227 227 227 235 239 235 235 222   0
  0   0 223 219 213 216 213 216 216 213 216 220 225 222   0   0
  0   0   0 223 219 220 220 221 221 220 220 219 223   0   0   0
